267
Bacteroidota|Chitinophagaceae|6	0.00	132.00	59.00	22.00	146.00	139.00	117.00	112.00	136.00	110.00	114.00	137.00	98.00	131.00	130.00	115.00	132.00	126.00	47.00	124.00	123.00	123.00	113.00	113.00	122.00	129.00	49.00	100.00	126.00	146.00	134.00	106.00	126.00	98.00	140.00	125.00	7.00	135.00	15.00	130.00	133.00	67.00	138.00	104.00	127.00	100.00	104.00	110.00	140.00	114.00	132.00	41.00	98.00	51.00	127.00	114.00	55.00	48.00	52.00	133.00	3.00	131.00	104.00	116.00	52.00	130.00	137.00	140.00	51.00	51.00	128.00	109.00	131.00	131.00	121.00	81.00	129.00	103.00	132.00	57.00	113.00	82.00	53.00	105.00	46.00	129.00	140.00	114.00	129.00	115.00	131.00	60.00	125.00	127.00	134.00	133.00	44.00	128.00	97.00	129.00	104.00	47.00	133.00	102.00	95.00	132.00	114.00	137.00	126.00	108.00	54.00	47.00	52.00	136.00	131.00	40.00	137.00	45.00	56.00	45.00	141.00	113.00	142.00	135.00	132.00	101.00	111.00	103.00	137.00	83.00	135.00	143.00	124.00	51.00	130.00	104.00	128.00	129.00	133.00	39.00	138.00	56.00	21.00	140.00	132.00	112.00	137.00	114.00	133.00	46.00	53.00	138.00	158.00	50.00	44.00	132.00	18.00	127.00	109.00	130.00	95.00	134.00	14.00	67.00	44.00	136.00	126.00	138.00	128.00	48.00	44.00	120.00	138.00	121.00	134.00	108.00	128.00	135.00	51.00	113.00	130.00	134.00	136.00	130.00	105.00	138.00	133.00	111.00	43.00	126.00	134.00	121.00	138.00	81.00	111.00	106.00	136.00	131.00	134.00	107.00	131.00	47.00	17.00	131.00	19.00	134.00	80.00	139.00	129.00	113.00	115.00	138.00	111.00	117.00	49.00	133.00	106.00	144.00	135.00	133.00	60.00	68.00	171.00	131.00	95.00	140.00	132.00	134.00	127.00	120.00	124.00	130.00	144.00	127.00	132.00	129.00	127.00	149.00	132.00	128.00	113.00	54.00	88.00	109.00	14.00	133.00	140.00	127.00	130.00	99.00	51.00	136.00	99.00	106.00	15.00	125.00	32.00	96.00	48.00	126.00	138.00	132.00	83.00	111.00	137.00	103.00	133.00
Actinobacteriota|Microbacteriaceae|2	132.00	0.00	131.00	130.00	104.00	75.00	125.00	116.00	80.00	129.00	126.00	103.00	115.00	92.00	92.00	127.00	24.00	91.00	130.00	131.00	59.00	60.00	119.00	112.00	118.00	82.00	134.00	123.00	89.00	104.00	101.00	120.00	62.00	116.00	93.00	95.00	134.00	79.00	131.00	93.00	96.00	127.00	81.00	118.00	88.00	122.00	120.00	114.00	95.00	117.00	94.00	131.00	128.00	135.00	89.00	117.00	133.00	139.00	132.00	128.00	133.00	90.00	115.00	121.00	133.00	85.00	72.00	64.00	134.00	133.00	63.00	116.00	92.00	86.00	122.00	123.00	88.00	120.00	23.00	138.00	115.00	121.00	136.00	120.00	131.00	80.00	86.00	115.00	115.00	115.00	94.00	137.00	122.00	71.00	30.00	99.00	127.00	91.00	114.00	24.00	120.00	131.00	94.00	124.00	117.00	28.00	117.00	104.00	92.00	115.00	136.00	125.00	136.00	69.00	72.00	131.00	93.00	128.00	141.00	127.00	80.00	115.00	66.00	66.00	4.00	115.00	118.00	116.00	98.00	134.00	92.00	66.00	59.00	130.00	88.00	119.00	22.00	87.00	73.00	129.00	71.00	133.00	131.00	66.00	85.00	112.00	91.00	120.00	93.00	133.00	126.00	61.00	161.00	132.00	134.00	71.00	136.00	89.00	125.00	131.00	117.00	99.00	135.00	131.00	128.00	103.00	87.00	81.00	120.00	126.00	130.00	119.00	84.00	128.00	78.00	118.00	92.00	63.00	136.00	115.00	96.00	29.00	87.00	27.00	120.00	81.00	79.00	119.00	132.00	90.00	30.00	123.00	66.00	125.00	112.00	117.00	95.00	74.00	27.00	124.00	90.00	137.00	136.00	95.00	135.00	101.00	132.00	70.00	95.00	117.00	113.00	94.00	121.00	121.00	130.00	87.00	111.00	92.00	57.00	26.00	132.00	127.00	162.00	91.00	118.00	118.00	98.00	25.00	88.00	129.00	117.00	121.00	93.00	91.00	82.00	88.00	92.00	118.00	85.00	89.00	115.00	135.00	121.00	122.00	133.00	24.00	97.00	84.00	128.00	113.00	126.00	99.00	124.00	112.00	133.00	86.00	128.00	116.00	139.00	62.00	69.00	5.00	117.00	115.00	89.00	120.00	89.00
Bacteroidota|Muribaculaceae|1	59.00	131.00	0.00	58.00	149.00	138.00	111.00	102.00	135.00	106.00	114.00	136.00	94.00	127.00	129.00	108.00	133.00	125.00	54.00	127.00	123.00	123.00	102.00	108.00	111.00	136.00	29.00	106.00	128.00	149.00	131.00	103.00	122.00	95.00	138.00	131.00	60.00	133.00	60.00	123.00	129.00	72.00	135.00	101.00	131.00	105.00	99.00	102.00	138.00	104.00	134.00	52.00	94.00	29.00	123.00	104.00	53.00	42.00	40.00	124.00	60.00	127.00	100.00	109.00	50.00	127.00	126.00	146.00	43.00	42.00	126.00	99.00	130.00	126.00	112.00	105.00	128.00	102.00	130.00	55.00	110.00	103.00	53.00	102.00	54.00	124.00	142.00	105.00	118.00	104.00	129.00	51.00	114.00	123.00	135.00	132.00	63.00	126.00	94.00	135.00	103.00	54.00	130.00	93.00	95.00	133.00	105.00	136.00	125.00	98.00	57.00	71.00	57.00	135.00	128.00	56.00	133.00	60.00	60.00	52.00	141.00	109.00	138.00	139.00	129.00	99.00	101.00	100.00	130.00	94.00	133.00	138.00	124.00	60.00	126.00	102.00	134.00	123.00	127.00	57.00	129.00	46.00	58.00	136.00	127.00	105.00	130.00	105.00	133.00	54.00	74.00	144.00	164.00	45.00	55.00	135.00	56.00	125.00	109.00	122.00	101.00	133.00	59.00	77.00	57.00	135.00	124.00	137.00	122.00	72.00	56.00	121.00	142.00	112.00	133.00	102.00	123.00	133.00	47.00	100.00	134.00	137.00	132.00	137.00	102.00	136.00	134.00	104.00	60.00	123.00	135.00	113.00	137.00	104.00	103.00	100.00	138.00	127.00	134.00	108.00	127.00	54.00	58.00	134.00	56.00	131.00	93.00	130.00	129.00	102.00	108.00	142.00	108.00	110.00	47.00	129.00	104.00	139.00	131.00	136.00	1.00	73.00	172.00	131.00	95.00	147.00	131.00	135.00	126.00	116.00	113.00	121.00	140.00	122.00	128.00	125.00	124.00	145.00	128.00	126.00	111.00	56.00	101.00	109.00	61.00	130.00	139.00	127.00	124.00	90.00	69.00	132.00	100.00	103.00	60.00	122.00	57.00	97.00	42.00	122.00	145.00	129.00	90.00	104.00	127.00	101.00	131.00
Bacteroidota|Chitinophagaceae|13	22.00	130.00	58.00	0.00	141.00	139.00	122.00	107.00	133.00	106.00	114.00	130.00	97.00	127.00	128.00	115.00	130.00	124.00	37.00	129.00	123.00	124.00	110.00	112.00	116.00	129.00	54.00	96.00	127.00	141.00	125.00	104.00	129.00	97.00	137.00	125.00	25.00	137.00	24.00	126.00	126.00	67.00	141.00	98.00	128.00	96.00	101.00	104.00	137.00	115.00	133.00	36.00	97.00	56.00	125.00	107.00	52.00	42.00	46.00	138.00	23.00	127.00	102.00	116.00	56.00	124.00	137.00	145.00	45.00	48.00	127.00	104.00	129.00	125.00	120.00	75.00	127.00	100.00	129.00	57.00	115.00	75.00	48.00	103.00	42.00	128.00	142.00	107.00	130.00	110.00	127.00	57.00	126.00	126.00	129.00	126.00	41.00	126.00	97.00	130.00	100.00	39.00	131.00	100.00	94.00	129.00	115.00	130.00	124.00	99.00	49.00	47.00	39.00	143.00	132.00	41.00	134.00	39.00	52.00	36.00	140.00	114.00	139.00	141.00	130.00	98.00	106.00	96.00	129.00	83.00	133.00	145.00	124.00	48.00	128.00	102.00	130.00	127.00	133.00	41.00	136.00	57.00	1.00	140.00	127.00	109.00	133.00	109.00	133.00	43.00	50.00	146.00	160.00	48.00	40.00	137.00	22.00	125.00	108.00	128.00	94.00	132.00	26.00	63.00	37.00	129.00	124.00	138.00	125.00	48.00	34.00	123.00	136.00	120.00	137.00	105.00	126.00	140.00	50.00	109.00	127.00	129.00	131.00	131.00	102.00	138.00	136.00	107.00	42.00	124.00	128.00	120.00	138.00	81.00	106.00	100.00	133.00	131.00	128.00	108.00	125.00	42.00	23.00	129.00	24.00	126.00	82.00	137.00	127.00	107.00	111.00	136.00	105.00	112.00	41.00	127.00	99.00	142.00	140.00	130.00	59.00	68.00	166.00	127.00	93.00	133.00	125.00	130.00	126.00	117.00	124.00	125.00	142.00	124.00	126.00	126.00	125.00	147.00	126.00	126.00	113.00	49.00	88.00	108.00	26.00	130.00	137.00	124.00	134.00	99.00	50.00	134.00	96.00	99.00	25.00	123.00	30.00	93.00	42.00	129.00	139.00	130.00	84.00	109.00	129.00	96.00	130.00
Planctomycetota|Phycisphaeraceae|1	146.00	104.00	149.00	141.00	0.00	89.00	145.00	137.00	89.00	141.00	143.00	86.00	146.00	88.00	85.00	141.00	101.00	83.00	139.00	132.00	87.00	88.00	145.00	142.00	140.00	80.00	147.00	143.00	86.00	1.00	84.00	140.00	88.00	144.00	90.00	83.00	144.00	89.00	139.00	83.00	83.00	133.00	88.00	142.00	87.00	143.00	146.00	139.00	86.00	137.00	83.00	141.00	136.00	145.00	89.00	145.00	148.00	145.00	143.00	143.00	146.00	82.00	145.00	142.00	145.00	87.00	95.00	112.00	146.00	149.00	89.00	142.00	80.00	88.00	145.00	139.00	81.00	140.00	101.00	151.00	132.00	136.00	142.00	127.00	147.00	84.00	81.00	144.00	132.00	146.00	86.00	147.00	134.00	88.00	103.00	83.00	142.00	81.00	145.00	104.00	149.00	139.00	82.00	142.00	145.00	104.00	137.00	87.00	85.00	143.00	150.00	145.00	144.00	86.00	123.00	137.00	91.00	146.00	141.00	142.00	81.00	132.00	88.00	91.00	104.00	141.00	146.00	145.00	82.00	134.00	86.00	94.00	88.00	146.00	88.00	130.00	102.00	87.00	119.00	134.00	78.00	142.00	141.00	81.00	88.00	137.00	88.00	142.00	82.00	143.00	141.00	109.00	156.00	145.00	149.00	100.00	142.00	87.00	130.00	147.00	141.00	89.00	141.00	136.00	146.00	86.00	91.00	81.00	131.00	146.00	145.00	138.00	82.00	140.00	89.00	138.00	84.00	92.00	148.00	145.00	91.00	103.00	81.00	99.00	140.00	82.00	90.00	144.00	138.00	86.00	103.00	146.00	82.00	136.00	142.00	141.00	83.00	121.00	100.00	130.00	82.00	149.00	141.00	89.00	142.00	83.00	135.00	79.00	92.00	145.00	142.00	87.00	148.00	145.00	136.00	87.00	144.00	89.00	92.00	101.00	149.00	132.00	157.00	81.00	145.00	56.00	82.00	102.00	84.00	149.00	133.00	136.00	88.00	91.00	84.00	84.00	84.00	101.00	85.00	79.00	136.00	149.00	144.00	131.00	142.00	101.00	88.00	85.00	137.00	138.00	143.00	91.00	142.00	145.00	142.00	84.00	140.00	139.00	144.00	91.00	112.00	103.00	136.00	132.00	83.00	144.00	88.00
Bdellovibrionota|Bdellovibrionaceae|5	139.00	75.00	138.00	139.00	89.00	0.00	132.00	131.00	82.00	127.00	129.00	88.00	119.00	78.00	77.00	128.00	72.00	78.00	137.00	134.00	68.00	70.00	126.00	130.00	129.00	80.00	143.00	135.00	92.00	89.00	89.00	120.00	65.00	119.00	90.00	84.00	138.00	76.00	136.00	79.00	93.00	128.00	58.00	135.00	86.00	136.00	138.00	126.00	87.00	133.00	83.00	135.00	131.00	141.00	77.00	127.00	146.00	143.00	144.00	129.00	139.00	80.00	135.00	128.00	143.00	88.00	74.00	80.00	148.00	141.00	65.00	130.00	86.00	89.00	126.00	127.00	85.00	130.00	77.00	144.00	130.00	127.00	142.00	123.00	145.00	78.00	80.00	122.00	127.00	123.00	90.00	145.00	129.00	75.00	70.00	89.00	140.00	78.00	120.00	81.00	138.00	133.00	85.00	132.00	121.00	73.00	133.00	87.00	79.00	130.00	142.00	139.00	139.00	70.00	99.00	131.00	89.00	145.00	145.00	137.00	77.00	128.00	68.00	54.00	74.00	131.00	132.00	136.00	91.00	132.00	81.00	61.00	69.00	137.00	78.00	123.00	82.00	75.00	98.00	131.00	59.00	138.00	138.00	60.00	89.00	127.00	84.00	130.00	87.00	135.00	133.00	74.00	168.00	143.00	144.00	68.00	138.00	79.00	124.00	139.00	124.00	84.00	137.00	130.00	145.00	86.00	79.00	78.00	124.00	140.00	145.00	124.00	81.00	129.00	76.00	119.00	83.00	61.00	146.00	125.00	71.00	77.00	93.00	78.00	119.00	78.00	77.00	131.00	134.00	79.00	70.00	127.00	61.00	123.00	128.00	132.00	89.00	101.00	74.00	122.00	80.00	149.00	136.00	84.00	136.00	90.00	133.00	58.00	77.00	131.00	130.00	87.00	132.00	131.00	138.00	89.00	132.00	84.00	61.00	73.00	139.00	127.00	158.00	86.00	120.00	93.00	88.00	74.00	79.00	136.00	126.00	121.00	83.00	78.00	86.00	77.00	79.00	114.00	87.00	82.00	126.00	142.00	124.00	122.00	139.00	77.00	88.00	81.00	130.00	131.00	134.00	89.00	134.00	132.00	136.00	77.00	139.00	125.00	142.00	66.00	88.00	73.00	124.00	129.00	77.00	135.00	90.00
Firmicutes|Erysipelotrichaceae|1	117.00	125.00	111.00	122.00	145.00	132.00	0.00	66.00	126.00	71.00	81.00	135.00	70.00	129.00	127.00	76.00	132.00	130.00	125.00	60.00	128.00	127.00	64.00	62.00	84.00	129.00	119.00	71.00	124.00	145.00	129.00	81.00	129.00	73.00	131.00	129.00	116.00	129.00	114.00	126.00	130.00	104.00	129.00	67.00	123.00	71.00	71.00	66.00	135.00	46.00	128.00	121.00	96.00	119.00	128.00	70.00	118.00	126.00	119.00	61.00	115.00	129.00	61.00	73.00	114.00	128.00	124.00	137.00	124.00	121.00	132.00	67.00	126.00	129.00	63.00	137.00	126.00	67.00	132.00	131.00	51.00	138.00	125.00	77.00	123.00	128.00	139.00	66.00	66.00	63.00	129.00	119.00	60.00	124.00	132.00	138.00	131.00	123.00	69.00	123.00	68.00	123.00	131.00	72.00	70.00	131.00	46.00	136.00	131.00	64.00	117.00	131.00	121.00	134.00	132.00	121.00	133.00	117.00	127.00	119.00	132.00	50.00	132.00	131.00	125.00	65.00	70.00	67.00	130.00	117.00	129.00	137.00	128.00	118.00	126.00	78.00	122.00	126.00	133.00	119.00	121.00	116.00	122.00	131.00	131.00	69.00	127.00	72.00	126.00	119.00	119.00	133.00	167.00	118.00	121.00	128.00	122.00	128.00	79.00	76.00	132.00	130.00	118.00	109.00	119.00	136.00	128.00	134.00	64.00	131.00	121.00	52.00	133.00	80.00	128.00	81.00	128.00	133.00	117.00	64.00	131.00	136.00	131.00	132.00	82.00	129.00	127.00	65.00	120.00	130.00	133.00	63.00	131.00	136.00	66.00	68.00	126.00	135.00	135.00	82.00	129.00	118.00	120.00	124.00	120.00	130.00	118.00	120.00	123.00	69.00	63.00	134.00	71.00	77.00	118.00	131.00	62.00	134.00	130.00	135.00	110.00	104.00	161.00	128.00	71.00	137.00	137.00	135.00	123.00	76.00	61.00	74.00	133.00	126.00	128.00	127.00	131.00	129.00	128.00	125.00	74.00	117.00	138.00	80.00	112.00	131.00	134.00	122.00	63.00	67.00	118.00	126.00	71.00	63.00	116.00	131.00	119.00	83.00	125.00	128.00	141.00	125.00	131.00	67.00	128.00	67.00	128.00
Proteobacteria|Burkholderiaceae|7	112.00	116.00	102.00	107.00	137.00	131.00	66.00	0.00	126.00	78.00	82.00	135.00	36.00	125.00	125.00	80.00	125.00	124.00	109.00	76.00	117.00	116.00	24.00	42.00	53.00	131.00	112.00	32.00	127.00	137.00	133.00	54.00	118.00	36.00	127.00	134.00	112.00	127.00	115.00	121.00	129.00	110.00	132.00	29.00	126.00	31.00	36.00	18.00	133.00	57.00	132.00	113.00	84.00	112.00	123.00	15.00	123.00	124.00	109.00	76.00	114.00	126.00	32.00	60.00	114.00	122.00	128.00	129.00	108.00	114.00	119.00	23.00	127.00	123.00	66.00	128.00	123.00	29.00	120.00	121.00	64.00	127.00	107.00	59.00	105.00	128.00	127.00	23.00	62.00	31.00	133.00	116.00	62.00	126.00	124.00	136.00	114.00	121.00	36.00	126.00	29.00	113.00	129.00	46.00	37.00	124.00	57.00	136.00	124.00	22.00	117.00	117.00	111.00	126.00	131.00	118.00	135.00	107.00	113.00	107.00	121.00	65.00	126.00	130.00	115.00	28.00	23.00	32.00	134.00	113.00	130.00	127.00	117.00	113.00	127.00	59.00	126.00	122.00	128.00	116.00	117.00	114.00	106.00	127.00	125.00	40.00	131.00	25.00	123.00	117.00	118.00	124.00	162.00	111.00	109.00	123.00	107.00	125.00	75.00	75.00	130.00	132.00	112.00	109.00	106.00	137.00	124.00	123.00	68.00	116.00	107.00	69.00	126.00	81.00	126.00	54.00	124.00	129.00	119.00	23.00	122.00	127.00	124.00	126.00	56.00	121.00	127.00	24.00	114.00	127.00	124.00	67.00	126.00	129.00	29.00	22.00	129.00	130.00	125.00	73.00	125.00	111.00	111.00	127.00	109.00	134.00	112.00	116.00	118.00	25.00	42.00	129.00	31.00	44.00	112.00	124.00	31.00	130.00	120.00	125.00	102.00	110.00	163.00	134.00	37.00	138.00	135.00	126.00	122.00	81.00	66.00	64.00	130.00	119.00	124.00	121.00	125.00	132.00	123.00	126.00	59.00	118.00	124.00	75.00	115.00	121.00	128.00	123.00	75.00	51.00	120.00	126.00	35.00	31.00	114.00	123.00	107.00	42.00	123.00	118.00	138.00	115.00	117.00	42.00	125.00	24.00	129.00
Firmicutes|[Eubacterium] coprostanoligenes group|1	136.00	80.00	135.00	133.00	89.00	82.00	126.00	126.00	0.00	132.00	131.00	59.00	129.00	63.00	67.00	131.00	88.00	69.00	139.00	124.00	58.00	59.00	130.00	132.00	133.00	31.00	137.00	131.00	63.00	90.00	66.00	130.00	56.00	129.00	52.00	65.00	135.00	65.00	133.00	65.00	61.00	129.00	74.00	130.00	62.00	131.00	134.00	129.00	51.00	123.00	60.00	136.00	136.00	136.00	67.00	129.00	142.00	139.00	140.00	125.00	136.00	64.00	131.00	124.00	140.00	63.00	48.00	86.00	133.00	137.00	57.00	130.00	68.00	62.00	127.00	130.00	69.00	133.00	93.00	145.00	121.00	127.00	144.00	127.00	135.00	54.00	44.00	127.00	125.00	127.00	53.00	140.00	127.00	47.00	95.00	70.00	140.00	65.00	129.00	88.00	132.00	134.00	68.00	133.00	128.00	94.00	123.00	60.00	69.00	124.00	144.00	140.00	138.00	53.00	123.00	133.00	38.00	131.00	142.00	137.00	41.00	121.00	74.00	55.00	80.00	125.00	125.00	132.00	64.00	128.00	43.00	64.00	58.00	144.00	58.00	128.00	90.00	68.00	123.00	132.00	65.00	140.00	132.00	70.00	61.00	132.00	59.00	130.00	62.00	134.00	140.00	82.00	156.00	139.00	133.00	72.00	132.00	66.00	127.00	132.00	134.00	41.00	134.00	138.00	137.00	61.00	67.00	43.00	127.00	139.00	136.00	123.00	25.00	131.00	65.00	129.00	69.00	47.00	140.00	127.00	69.00	94.00	66.00	90.00	130.00	34.00	66.00	127.00	129.00	67.00	95.00	128.00	71.00	127.00	132.00	126.00	67.00	123.00	91.00	129.00	71.00	137.00	133.00	63.00	130.00	66.00	130.00	64.00	64.00	124.00	133.00	53.00	133.00	134.00	137.00	62.00	130.00	47.00	59.00	93.00	136.00	128.00	152.00	48.00	127.00	86.00	69.00	90.00	66.00	135.00	125.00	125.00	49.00	66.00	65.00	70.00	68.00	93.00	64.00	68.00	121.00	144.00	127.00	129.00	135.00	92.00	56.00	61.00	127.00	138.00	141.00	40.00	136.00	131.00	136.00	68.00	137.00	129.00	140.00	56.00	106.00	81.00	133.00	125.00	52.00	129.00	38.00
Verrucomicrobiota|Chthoniobacteraceae|1	110.00	129.00	106.00	106.00	141.00	127.00	71.00	78.00	132.00	0.00	35.00	137.00	72.00	137.00	138.00	39.00	128.00	143.00	109.00	91.00	130.00	130.00	77.00	81.00	88.00	132.00	113.00	80.00	130.00	142.00	127.00	66.00	128.00	72.00	132.00	135.00	110.00	130.00	104.00	140.00	131.00	103.00	107.00	77.00	137.00	81.00	82.00	78.00	138.00	74.00	131.00	105.00	90.00	114.00	140.00	74.00	111.00	116.00	113.00	88.00	111.00	139.00	79.00	83.00	111.00	131.00	136.00	136.00	117.00	112.00	127.00	78.00	135.00	132.00	75.00	123.00	136.00	76.00	129.00	122.00	69.00	123.00	110.00	59.00	112.00	130.00	137.00	70.00	84.00	74.00	122.00	115.00	81.00	134.00	132.00	134.00	122.00	138.00	72.00	124.00	74.00	106.00	136.00	76.00	69.00	128.00	75.00	137.00	143.00	75.00	116.00	120.00	107.00	134.00	131.00	111.00	124.00	109.00	120.00	109.00	138.00	66.00	129.00	119.00	130.00	77.00	74.00	78.00	128.00	84.00	129.00	130.00	131.00	110.00	141.00	59.00	126.00	141.00	137.00	110.00	135.00	112.00	106.00	130.00	131.00	76.00	142.00	77.00	138.00	105.00	119.00	131.00	152.00	115.00	112.00	122.00	109.00	140.00	56.00	49.00	133.00	136.00	110.00	104.00	107.00	136.00	139.00	139.00	86.00	121.00	107.00	78.00	127.00	41.00	132.00	64.00	139.00	121.00	112.00	76.00	132.00	131.00	132.00	130.00	65.00	134.00	133.00	77.00	110.00	143.00	131.00	76.00	129.00	120.00	82.00	72.00	129.00	137.00	128.00	57.00	136.00	111.00	112.00	139.00	112.00	128.00	83.00	134.00	138.00	75.00	81.00	139.00	76.00	80.00	107.00	131.00	78.00	135.00	130.00	130.00	106.00	104.00	160.00	122.00	68.00	138.00	133.00	128.00	142.00	44.00	74.00	76.00	134.00	141.00	130.00	140.00	144.00	137.00	132.00	135.00	69.00	114.00	127.00	56.00	107.00	128.00	139.00	134.00	88.00	86.00	119.00	117.00	83.00	78.00	106.00	140.00	105.00	66.00	115.00	127.00	122.00	129.00	120.00	73.00	132.00	75.00	128.00
Verrucomicrobiota|Pedosphaeraceae|2	114.00	126.00	114.00	114.00	143.00	129.00	81.00	82.00	131.00	35.00	0.00	141.00	73.00	137.00	139.00	24.00	132.00	143.00	116.00	92.00	137.00	137.00	81.00	81.00	92.00	133.00	122.00	89.00	135.00	144.00	132.00	67.00	140.00	73.00	132.00	143.00	114.00	133.00	113.00	138.00	136.00	115.00	121.00	81.00	141.00	90.00	87.00	76.00	134.00	79.00	140.00	113.00	94.00	123.00	139.00	79.00	116.00	123.00	117.00	85.00	115.00	139.00	80.00	86.00	118.00	134.00	142.00	141.00	119.00	126.00	137.00	76.00	136.00	135.00	83.00	124.00	133.00	82.00	131.00	131.00	76.00	122.00	111.00	67.00	114.00	132.00	131.00	77.00	89.00	81.00	133.00	117.00	88.00	140.00	133.00	137.00	128.00	138.00	73.00	133.00	85.00	114.00	134.00	71.00	70.00	131.00	80.00	141.00	143.00	79.00	119.00	130.00	112.00	135.00	131.00	117.00	129.00	121.00	123.00	115.00	133.00	76.00	133.00	131.00	128.00	82.00	75.00	80.00	133.00	92.00	131.00	136.00	138.00	112.00	141.00	66.00	133.00	138.00	137.00	115.00	135.00	118.00	115.00	134.00	134.00	80.00	150.00	77.00	142.00	108.00	128.00	139.00	160.00	121.00	119.00	137.00	113.00	140.00	60.00	55.00	143.00	141.00	116.00	116.00	114.00	140.00	137.00	136.00	80.00	131.00	115.00	79.00	125.00	23.00	134.00	65.00	138.00	132.00	127.00	75.00	136.00	134.00	132.00	133.00	66.00	132.00	135.00	79.00	114.00	143.00	132.00	84.00	134.00	126.00	82.00	75.00	136.00	137.00	132.00	60.00	138.00	123.00	116.00	140.00	116.00	133.00	90.00	134.00	135.00	74.00	80.00	133.00	76.00	86.00	113.00	135.00	80.00	132.00	135.00	132.00	113.00	116.00	159.00	133.00	70.00	139.00	136.00	132.00	139.00	44.00	81.00	82.00	130.00	138.00	131.00	140.00	144.00	140.00	133.00	135.00	70.00	119.00	126.00	59.00	112.00	132.00	136.00	137.00	87.00	85.00	125.00	126.00	88.00	79.00	111.00	137.00	117.00	72.00	123.00	139.00	127.00	127.00	124.00	83.00	133.00	84.00	133.00
Campilobacterota|Arcobacteraceae|5	137.00	103.00	136.00	130.00	86.00	88.00	135.00	135.00	59.00	137.00	141.00	0.00	136.00	56.00	53.00	138.00	109.00	63.00	130.00	133.00	79.00	78.00	142.00	139.00	138.00	57.00	137.00	130.00	60.00	87.00	70.00	134.00	77.00	136.00	61.00	55.00	136.00	84.00	132.00	54.00	60.00	130.00	91.00	133.00	54.00	130.00	134.00	137.00	56.00	133.00	57.00	130.00	135.00	136.00	55.00	138.00	134.00	127.00	138.00	137.00	136.00	57.00	132.00	139.00	133.00	65.00	70.00	99.00	130.00	134.00	74.00	140.00	60.00	64.00	137.00	129.00	62.00	138.00	109.00	129.00	137.00	129.00	134.00	136.00	129.00	75.00	72.00	138.00	132.00	137.00	39.00	132.00	131.00	68.00	112.00	21.00	135.00	62.00	135.00	109.00	135.00	131.00	64.00	144.00	137.00	111.00	133.00	1.00	61.00	134.00	133.00	135.00	133.00	77.00	137.00	128.00	55.00	129.00	144.00	130.00	70.00	138.00	86.00	86.00	103.00	130.00	137.00	133.00	69.00	137.00	57.00	89.00	78.00	135.00	61.00	134.00	112.00	60.00	140.00	127.00	83.00	129.00	130.00	90.00	64.00	134.00	75.00	142.00	58.00	137.00	140.00	98.00	160.00	136.00	134.00	93.00	137.00	57.00	137.00	145.00	137.00	58.00	136.00	132.00	135.00	2.00	57.00	66.00	129.00	134.00	133.00	129.00	64.00	141.00	84.00	134.00	60.00	79.00	128.00	139.00	55.00	110.00	69.00	108.00	134.00	66.00	84.00	141.00	129.00	61.00	111.00	136.00	90.00	130.00	140.00	137.00	66.00	139.00	109.00	138.00	54.00	135.00	133.00	56.00	134.00	69.00	138.00	82.00	63.00	138.00	141.00	56.00	138.00	139.00	135.00	63.00	132.00	56.00	85.00	110.00	137.00	130.00	160.00	36.00	137.00	71.00	20.00	110.00	57.00	145.00	134.00	131.00	56.00	57.00	66.00	58.00	62.00	82.00	62.00	58.00	127.00	133.00	124.00	137.00	132.00	108.00	61.00	56.00	135.00	138.00	140.00	51.00	132.00	133.00	131.00	59.00	132.00	133.00	128.00	76.00	123.00	102.00	141.00	134.00	57.00	134.00	49.00
Proteobacteria|Burkholderiaceae|1	98.00	115.00	94.00	97.00	146.00	119.00	70.00	36.00	129.00	72.00	73.00	136.00	0.00	114.00	118.00	73.00	119.00	119.00	105.00	76.00	116.00	116.00	32.00	44.00	65.00	130.00	100.00	45.00	120.00	147.00	129.00	44.00	117.00	4.00	120.00	128.00	101.00	127.00	101.00	117.00	130.00	97.00	124.00	40.00	118.00	44.00	47.00	36.00	125.00	62.00	127.00	103.00	86.00	101.00	118.00	33.00	114.00	114.00	100.00	72.00	99.00	122.00	32.00	58.00	105.00	123.00	122.00	130.00	99.00	107.00	116.00	34.00	125.00	124.00	64.00	121.00	120.00	48.00	121.00	115.00	66.00	123.00	106.00	60.00	99.00	129.00	123.00	37.00	71.00	35.00	127.00	110.00	76.00	118.00	123.00	135.00	107.00	118.00	1.00	122.00	43.00	103.00	123.00	49.00	3.00	119.00	63.00	136.00	120.00	35.00	106.00	108.00	101.00	123.00	120.00	104.00	125.00	95.00	108.00	100.00	126.00	65.00	118.00	123.00	113.00	39.00	29.00	38.00	131.00	104.00	123.00	119.00	116.00	108.00	116.00	62.00	122.00	119.00	119.00	102.00	121.00	105.00	96.00	123.00	123.00	59.00	131.00	36.00	124.00	102.00	108.00	126.00	163.00	100.00	101.00	116.00	101.00	118.00	72.00	86.00	134.00	124.00	99.00	96.00	99.00	137.00	116.00	123.00	75.00	107.00	99.00	72.00	128.00	74.00	128.00	45.00	118.00	123.00	107.00	33.00	115.00	122.00	121.00	124.00	45.00	121.00	127.00	26.00	103.00	119.00	122.00	64.00	121.00	122.00	39.00	35.00	124.00	119.00	122.00	73.00	121.00	101.00	101.00	121.00	99.00	130.00	104.00	120.00	113.00	31.00	43.00	126.00	48.00	55.00	102.00	123.00	40.00	122.00	121.00	123.00	95.00	97.00	159.00	126.00	4.00	145.00	134.00	122.00	118.00	79.00	65.00	68.00	123.00	116.00	123.00	118.00	120.00	138.00	125.00	123.00	65.00	106.00	109.00	73.00	99.00	122.00	122.00	122.00	76.00	66.00	105.00	120.00	46.00	39.00	101.00	120.00	93.00	39.00	113.00	115.00	137.00	112.00	112.00	56.00	120.00	43.00	125.00
Proteobacteria|Beijerinckiaceae|1	131.00	92.00	127.00	127.00	88.00	78.00	129.00	125.00	63.00	137.00	137.00	56.00	114.00	0.00	19.00	133.00	93.00	19.00	133.00	127.00	71.00	70.00	116.00	121.00	121.00	59.00	130.00	123.00	53.00	89.00	75.00	118.00	69.00	114.00	51.00	35.00	132.00	74.00	129.00	16.00	74.00	133.00	90.00	123.00	25.00	122.00	124.00	125.00	48.00	133.00	30.00	126.00	128.00	130.00	14.00	120.00	132.00	130.00	127.00	126.00	131.00	22.00	122.00	128.00	129.00	57.00	61.00	100.00	123.00	131.00	71.00	119.00	28.00	58.00	133.00	137.00	25.00	119.00	94.00	130.00	135.00	137.00	135.00	130.00	125.00	61.00	62.00	121.00	120.00	119.00	44.00	130.00	130.00	61.00	94.00	54.00	127.00	23.00	113.00	97.00	123.00	126.00	30.00	125.00	115.00	94.00	133.00	55.00	18.00	129.00	136.00	126.00	124.00	72.00	124.00	125.00	53.00	126.00	138.00	128.00	60.00	135.00	83.00	84.00	91.00	121.00	122.00	120.00	73.00	135.00	40.00	74.00	70.00	132.00	24.00	127.00	99.00	21.00	123.00	125.00	54.00	127.00	127.00	83.00	54.00	126.00	68.00	122.00	31.00	127.00	132.00	95.00	162.00	129.00	125.00	79.00	132.00	12.00	128.00	142.00	139.00	48.00	129.00	131.00	130.00	54.00	18.00	57.00	126.00	127.00	128.00	133.00	63.00	136.00	73.00	119.00	29.00	82.00	132.00	118.00	37.00	97.00	59.00	100.00	117.00	58.00	72.00	120.00	128.00	20.00	93.00	133.00	83.00	140.00	122.00	123.00	69.00	124.00	94.00	129.00	18.00	131.00	127.00	32.00	129.00	74.00	136.00	53.00	32.00	121.00	123.00	48.00	125.00	122.00	127.00	61.00	121.00	44.00	75.00	96.00	128.00	132.00	162.00	42.00	115.00	79.00	53.00	95.00	20.00	140.00	135.00	126.00	44.00	13.00	56.00	18.00	20.00	75.00	57.00	26.00	133.00	135.00	125.00	127.00	128.00	93.00	47.00	33.00	132.00	124.00	132.00	53.00	125.00	122.00	131.00	18.00	129.00	117.00	131.00	69.00	117.00	90.00	132.00	128.00	38.00	124.00	42.00
Proteobacteria|Xanthobacteraceae|2	130.00	92.00	129.00	128.00	85.00	77.00	127.00	125.00	67.00	138.00	139.00	53.00	118.00	19.00	0.00	135.00	95.00	12.00	134.00	124.00	74.00	76.00	117.00	118.00	117.00	66.00	128.00	122.00	56.00	84.00	78.00	120.00	76.00	118.00	54.00	31.00	131.00	78.00	130.00	17.00	71.00	135.00	95.00	123.00	25.00	122.00	123.00	124.00	51.00	132.00	27.00	131.00	129.00	128.00	11.00	125.00	129.00	130.00	129.00	125.00	130.00	11.00	124.00	126.00	130.00	54.00	65.00	99.00	124.00	134.00	78.00	120.00	25.00	55.00	138.00	134.00	22.00	119.00	88.00	132.00	132.00	135.00	134.00	129.00	127.00	64.00	63.00	123.00	120.00	120.00	49.00	128.00	133.00	69.00	96.00	55.00	132.00	22.00	117.00	95.00	124.00	132.00	32.00	126.00	119.00	96.00	131.00	52.00	11.00	128.00	134.00	130.00	130.00	71.00	123.00	125.00	61.00	127.00	137.00	131.00	63.00	132.00	85.00	85.00	90.00	121.00	126.00	120.00	74.00	138.00	46.00	76.00	75.00	134.00	28.00	125.00	96.00	25.00	123.00	125.00	55.00	128.00	128.00	88.00	52.00	125.00	77.00	126.00	27.00	132.00	135.00	92.00	161.00	130.00	126.00	78.00	131.00	15.00	124.00	143.00	138.00	51.00	128.00	132.00	131.00	51.00	13.00	63.00	125.00	131.00	129.00	131.00	65.00	139.00	77.00	121.00	25.00	84.00	130.00	120.00	42.00	95.00	60.00	101.00	119.00	62.00	76.00	125.00	127.00	13.00	96.00	138.00	88.00	137.00	118.00	123.00	67.00	122.00	94.00	126.00	9.00	132.00	127.00	30.00	128.00	77.00	139.00	54.00	30.00	125.00	119.00	50.00	123.00	127.00	126.00	54.00	123.00	47.00	78.00	97.00	130.00	135.00	162.00	51.00	119.00	71.00	54.00	95.00	24.00	144.00	133.00	126.00	47.00	13.00	55.00	17.00	13.00	78.00	55.00	24.00	130.00	134.00	124.00	125.00	127.00	88.00	50.00	34.00	128.00	124.00	135.00	60.00	124.00	124.00	130.00	15.00	128.00	115.00	131.00	76.00	120.00	91.00	134.00	124.00	39.00	125.00	50.00
Verrucomicrobiota|Pedosphaeraceae|1	115.00	127.00	108.00	115.00	141.00	128.00	76.00	80.00	131.00	39.00	24.00	138.00	73.00	133.00	135.00	0.00	131.00	139.00	120.00	91.00	137.00	137.00	76.00	79.00	87.00	135.00	118.00	85.00	132.00	142.00	129.00	60.00	137.00	72.00	130.00	138.00	116.00	131.00	113.00	136.00	134.00	111.00	113.00	80.00	134.00	84.00	82.00	73.00	132.00	80.00	135.00	110.00	92.00	118.00	137.00	75.00	117.00	120.00	122.00	80.00	116.00	134.00	80.00	80.00	115.00	130.00	140.00	142.00	118.00	121.00	137.00	77.00	133.00	131.00	81.00	123.00	132.00	76.00	130.00	127.00	71.00	121.00	110.00	68.00	121.00	131.00	133.00	78.00	86.00	75.00	132.00	119.00	90.00	138.00	133.00	137.00	125.00	133.00	73.00	131.00	84.00	113.00	134.00	69.00	73.00	130.00	81.00	138.00	139.00	77.00	120.00	125.00	115.00	136.00	128.00	119.00	126.00	121.00	125.00	116.00	132.00	71.00	136.00	126.00	127.00	76.00	74.00	80.00	130.00	89.00	124.00	134.00	138.00	117.00	135.00	68.00	131.00	137.00	135.00	116.00	133.00	116.00	116.00	132.00	130.00	77.00	147.00	79.00	133.00	115.00	124.00	137.00	160.00	123.00	113.00	136.00	114.00	136.00	57.00	55.00	139.00	134.00	117.00	114.00	121.00	137.00	136.00	133.00	82.00	126.00	122.00	76.00	125.00	35.00	133.00	61.00	136.00	131.00	118.00	71.00	133.00	133.00	131.00	131.00	59.00	132.00	134.00	76.00	118.00	139.00	132.00	82.00	133.00	125.00	74.00	78.00	136.00	135.00	131.00	58.00	134.00	120.00	117.00	132.00	116.00	130.00	87.00	132.00	131.00	75.00	79.00	129.00	71.00	79.00	117.00	130.00	79.00	134.00	131.00	130.00	108.00	111.00	161.00	132.00	74.00	134.00	136.00	131.00	137.00	43.00	76.00	74.00	132.00	137.00	129.00	138.00	140.00	139.00	129.00	131.00	70.00	120.00	127.00	56.00	114.00	130.00	133.00	136.00	83.00	82.00	123.00	120.00	84.00	78.00	112.00	136.00	122.00	61.00	121.00	136.00	126.00	126.00	122.00	80.00	128.00	84.00	132.00
Actinobacteriota|Sporichthyaceae|3	132.00	24.00	133.00	130.00	101.00	72.00	132.00	125.00	88.00	128.00	132.00	109.00	119.00	93.00	95.00	131.00	0.00	95.00	134.00	134.00	61.00	61.00	119.00	120.00	123.00	83.00	135.00	126.00	95.00	101.00	107.00	123.00	62.00	120.00	93.00	100.00	132.00	87.00	130.00	99.00	104.00	128.00	76.00	129.00	98.00	125.00	127.00	122.00	97.00	121.00	98.00	126.00	125.00	136.00	94.00	123.00	141.00	139.00	137.00	130.00	132.00	93.00	126.00	123.00	135.00	84.00	73.00	65.00	136.00	135.00	62.00	125.00	94.00	85.00	124.00	124.00	95.00	128.00	12.00	133.00	120.00	124.00	137.00	121.00	136.00	85.00	88.00	117.00	125.00	117.00	99.00	142.00	126.00	72.00	11.00	106.00	129.00	95.00	118.00	16.00	127.00	124.00	94.00	129.00	120.00	12.00	121.00	108.00	94.00	123.00	136.00	124.00	136.00	74.00	72.00	127.00	95.00	134.00	146.00	130.00	81.00	120.00	74.00	73.00	24.00	125.00	120.00	126.00	105.00	134.00	96.00	63.00	60.00	135.00	93.00	120.00	18.00	95.00	73.00	126.00	77.00	134.00	131.00	71.00	84.00	119.00	90.00	122.00	98.00	133.00	125.00	64.00	163.00	135.00	140.00	69.00	134.00	93.00	130.00	135.00	120.00	97.00	132.00	131.00	135.00	107.00	94.00	84.00	128.00	125.00	133.00	127.00	85.00	133.00	85.00	121.00	97.00	64.00	139.00	117.00	98.00	10.00	83.00	23.00	123.00	83.00	86.00	123.00	128.00	96.00	10.00	125.00	71.00	123.00	118.00	124.00	101.00	71.00	8.00	129.00	96.00	142.00	133.00	99.00	132.00	107.00	133.00	76.00	94.00	120.00	121.00	98.00	128.00	124.00	134.00	87.00	123.00	91.00	68.00	9.00	134.00	129.00	157.00	97.00	121.00	112.00	105.00	4.00	97.00	134.00	126.00	123.00	92.00	97.00	82.00	96.00	96.00	127.00	86.00	92.00	115.00	135.00	122.00	128.00	132.00	13.00	96.00	94.00	129.00	119.00	126.00	101.00	127.00	123.00	133.00	96.00	129.00	123.00	139.00	63.00	69.00	25.00	123.00	127.00	93.00	128.00	92.00
Proteobacteria|Beijerinckiaceae|3	126.00	91.00	125.00	124.00	83.00	78.00	130.00	124.00	69.00	143.00	143.00	63.00	119.00	19.00	12.00	139.00	95.00	0.00	130.00	126.00	69.00	71.00	117.00	116.00	117.00	60.00	128.00	123.00	52.00	82.00	77.00	121.00	69.00	119.00	51.00	33.00	126.00	78.00	125.00	19.00	73.00	135.00	98.00	123.00	27.00	122.00	122.00	123.00	44.00	134.00	29.00	128.00	127.00	127.00	13.00	124.00	126.00	130.00	126.00	128.00	126.00	14.00	124.00	123.00	128.00	50.00	64.00	98.00	124.00	132.00	69.00	117.00	25.00	51.00	141.00	133.00	22.00	120.00	88.00	128.00	133.00	134.00	133.00	126.00	126.00	62.00	60.00	119.00	120.00	119.00	53.00	125.00	128.00	62.00	96.00	61.00	127.00	16.00	118.00	94.00	124.00	129.00	31.00	123.00	120.00	94.00	134.00	62.00	3.00	126.00	129.00	130.00	128.00	67.00	122.00	123.00	57.00	126.00	136.00	127.00	59.00	133.00	80.00	84.00	88.00	121.00	123.00	120.00	73.00	138.00	47.00	72.00	70.00	130.00	23.00	123.00	96.00	20.00	120.00	124.00	58.00	125.00	124.00	84.00	49.00	123.00	73.00	125.00	28.00	128.00	133.00	93.00	158.00	127.00	125.00	78.00	128.00	13.00	127.00	144.00	137.00	49.00	125.00	129.00	128.00	61.00	15.00	57.00	124.00	131.00	126.00	137.00	68.00	141.00	77.00	122.00	21.00	80.00	130.00	118.00	43.00	95.00	55.00	97.00	122.00	58.00	76.00	121.00	125.00	3.00	96.00	141.00	84.00	137.00	113.00	120.00	67.00	120.00	95.00	127.00	13.00	130.00	124.00	27.00	125.00	76.00	139.00	57.00	27.00	122.00	117.00	47.00	122.00	127.00	122.00	50.00	122.00	43.00	76.00	96.00	126.00	135.00	166.00	53.00	120.00	74.00	60.00	96.00	21.00	145.00	135.00	126.00	43.00	16.00	50.00	15.00	1.00	73.00	50.00	25.00	133.00	127.00	125.00	128.00	122.00	88.00	45.00	33.00	131.00	120.00	133.00	62.00	123.00	123.00	125.00	9.00	125.00	115.00	131.00	72.00	120.00	89.00	132.00	122.00	37.00	122.00	47.00
Bacteroidota|NS9 marine group|2	47.00	130.00	54.00	37.00	139.00	137.00	125.00	109.00	139.00	109.00	116.00	130.00	105.00	133.00	134.00	120.00	134.00	130.00	0.00	134.00	127.00	127.00	115.00	118.00	122.00	135.00	51.00	99.00	125.00	139.00	129.00	107.00	130.00	104.00	139.00	128.00	42.00	137.00	40.00	131.00	131.00	67.00	136.00	102.00	138.00	98.00	102.00	108.00	138.00	119.00	133.00	32.00	98.00	51.00	131.00	116.00	41.00	36.00	39.00	140.00	44.00	131.00	104.00	111.00	50.00	123.00	141.00	143.00	47.00	41.00	130.00	112.00	134.00	122.00	117.00	83.00	132.00	110.00	129.00	45.00	117.00	83.00	22.00	98.00	27.00	130.00	145.00	116.00	125.00	119.00	133.00	45.00	118.00	134.00	130.00	125.00	43.00	132.00	106.00	135.00	103.00	29.00	134.00	102.00	103.00	130.00	118.00	130.00	130.00	106.00	34.00	49.00	30.00	144.00	124.00	48.00	137.00	34.00	40.00	11.00	143.00	114.00	135.00	131.00	132.00	99.00	110.00	99.00	132.00	87.00	139.00	151.00	128.00	31.00	138.00	97.00	134.00	130.00	129.00	48.00	141.00	51.00	37.00	135.00	121.00	106.00	141.00	113.00	139.00	31.00	53.00	143.00	163.00	40.00	34.00	138.00	36.00	132.00	111.00	128.00	91.00	138.00	43.00	65.00	24.00	129.00	131.00	141.00	126.00	50.00	26.00	126.00	143.00	116.00	137.00	106.00	129.00	136.00	44.00	116.00	127.00	131.00	128.00	134.00	108.00	141.00	138.00	119.00	48.00	128.00	130.00	118.00	134.00	85.00	114.00	107.00	136.00	128.00	130.00	111.00	130.00	33.00	40.00	139.00	38.00	129.00	86.00	142.00	133.00	109.00	117.00	139.00	111.00	118.00	29.00	124.00	101.00	141.00	136.00	130.00	54.00	68.00	163.00	135.00	102.00	136.00	124.00	131.00	134.00	120.00	121.00	125.00	141.00	129.00	122.00	131.00	129.00	139.00	124.00	130.00	112.00	34.00	89.00	113.00	44.00	129.00	143.00	132.00	136.00	99.00	54.00	133.00	100.00	101.00	42.00	128.00	42.00	101.00	35.00	130.00	142.00	132.00	77.00	115.00	132.00	102.00	135.00
Firmicutes|Enterococcaceae|1	124.00	131.00	127.00	129.00	132.00	134.00	60.00	76.00	124.00	91.00	92.00	133.00	76.00	127.00	124.00	91.00	134.00	126.00	134.00	0.00	127.00	128.00	76.00	72.00	81.00	125.00	130.00	73.00	123.00	132.00	123.00	86.00	127.00	79.00	126.00	123.00	124.00	125.00	125.00	123.00	124.00	110.00	131.00	74.00	119.00	73.00	78.00	68.00	128.00	47.00	125.00	125.00	105.00	131.00	125.00	73.00	128.00	136.00	133.00	24.00	123.00	130.00	76.00	80.00	126.00	126.00	126.00	141.00	131.00	134.00	126.00	74.00	129.00	127.00	76.00	124.00	126.00	72.00	135.00	140.00	38.00	125.00	125.00	77.00	136.00	135.00	130.00	76.00	51.00	76.00	125.00	129.00	54.00	127.00	135.00	133.00	129.00	123.00	77.00	129.00	76.00	123.00	133.00	85.00	74.00	132.00	48.00	133.00	127.00	74.00	124.00	125.00	136.00	131.00	127.00	123.00	128.00	124.00	133.00	129.00	129.00	38.00	134.00	131.00	131.00	75.00	75.00	78.00	123.00	128.00	126.00	132.00	128.00	137.00	125.00	81.00	129.00	127.00	131.00	122.00	130.00	128.00	129.00	127.00	123.00	79.00	136.00	79.00	127.00	134.00	125.00	142.00	155.00	131.00	134.00	139.00	129.00	127.00	87.00	86.00	133.00	125.00	126.00	120.00	132.00	134.00	125.00	128.00	32.00	124.00	133.00	47.00	127.00	93.00	124.00	88.00	128.00	133.00	127.00	74.00	125.00	137.00	123.00	131.00	86.00	124.00	123.00	71.00	124.00	126.00	135.00	76.00	128.00	126.00	71.00	70.00	128.00	132.00	135.00	90.00	128.00	134.00	126.00	120.00	125.00	124.00	129.00	129.00	123.00	73.00	71.00	126.00	76.00	89.00	132.00	125.00	75.00	127.00	128.00	135.00	127.00	111.00	162.00	124.00	75.00	131.00	132.00	134.00	123.00	92.00	46.00	61.00	125.00	123.00	127.00	125.00	127.00	140.00	124.00	128.00	65.00	125.00	129.00	89.00	125.00	135.00	126.00	130.00	15.00	79.00	127.00	130.00	73.00	75.00	124.00	126.00	125.00	83.00	137.00	124.00	145.00	131.00	138.00	77.00	121.00	73.00	129.00
Firmicutes|Lachnospiraceae|16	123.00	59.00	123.00	123.00	87.00	68.00	128.00	117.00	58.00	130.00	137.00	79.00	116.00	71.00	74.00	137.00	61.00	69.00	127.00	127.00	0.00	2.00	124.00	125.00	127.00	55.00	124.00	123.00	79.00	88.00	77.00	124.00	16.00	116.00	69.00	75.00	124.00	56.00	122.00	69.00	78.00	121.00	61.00	119.00	67.00	123.00	126.00	117.00	68.00	118.00	72.00	126.00	124.00	123.00	71.00	121.00	127.00	128.00	131.00	127.00	125.00	71.00	119.00	120.00	126.00	69.00	33.00	62.00	127.00	121.00	18.00	122.00	75.00	70.00	129.00	127.00	70.00	122.00	58.00	130.00	128.00	129.00	133.00	120.00	125.00	63.00	62.00	123.00	124.00	122.00	74.00	128.00	118.00	24.00	61.00	86.00	119.00	73.00	117.00	61.00	123.00	123.00	78.00	125.00	117.00	62.00	118.00	80.00	70.00	112.00	130.00	125.00	129.00	49.00	96.00	119.00	73.00	123.00	129.00	125.00	61.00	130.00	48.00	40.00	55.00	118.00	120.00	121.00	72.00	131.00	80.00	44.00	1.00	130.00	63.00	119.00	61.00	66.00	98.00	118.00	53.00	121.00	122.00	46.00	71.00	119.00	68.00	128.00	72.00	128.00	126.00	61.00	159.00	133.00	126.00	50.00	123.00	68.00	129.00	139.00	120.00	73.00	122.00	121.00	122.00	81.00	69.00	61.00	126.00	124.00	122.00	130.00	66.00	134.00	56.00	124.00	63.00	41.00	128.00	125.00	81.00	63.00	75.00	62.00	124.00	68.00	55.00	122.00	119.00	68.00	61.00	129.00	45.00	123.00	122.00	119.00	70.00	100.00	61.00	130.00	72.00	127.00	121.00	68.00	123.00	76.00	132.00	52.00	79.00	119.00	124.00	70.00	124.00	125.00	125.00	68.00	120.00	67.00	44.00	65.00	123.00	120.00	147.00	70.00	117.00	101.00	85.00	64.00	67.00	135.00	127.00	128.00	67.00	70.00	73.00	65.00	70.00	95.00	70.00	75.00	126.00	130.00	130.00	130.00	121.00	57.00	69.00	70.00	129.00	126.00	128.00	77.00	122.00	120.00	125.00	70.00	123.00	116.00	128.00	18.00	97.00	56.00	130.00	118.00	73.00	115.00	58.00
Firmicutes|Lachnospiraceae|10	123.00	60.00	123.00	124.00	88.00	70.00	127.00	116.00	59.00	130.00	137.00	78.00	116.00	70.00	76.00	137.00	61.00	71.00	127.00	128.00	2.00	0.00	123.00	124.00	128.00	55.00	124.00	122.00	79.00	89.00	78.00	124.00	16.00	116.00	69.00	74.00	124.00	57.00	122.00	71.00	79.00	121.00	63.00	118.00	66.00	122.00	125.00	116.00	70.00	117.00	71.00	126.00	124.00	123.00	71.00	120.00	127.00	128.00	131.00	128.00	125.00	73.00	118.00	119.00	126.00	71.00	33.00	62.00	127.00	119.00	18.00	121.00	75.00	72.00	128.00	129.00	72.00	121.00	58.00	131.00	128.00	131.00	134.00	121.00	125.00	64.00	64.00	122.00	125.00	121.00	74.00	128.00	119.00	23.00	62.00	85.00	120.00	75.00	117.00	61.00	122.00	123.00	78.00	125.00	116.00	62.00	117.00	79.00	70.00	111.00	130.00	125.00	129.00	49.00	95.00	119.00	73.00	123.00	129.00	125.00	61.00	130.00	49.00	41.00	56.00	117.00	119.00	120.00	73.00	133.00	79.00	46.00	1.00	130.00	64.00	121.00	62.00	66.00	99.00	118.00	55.00	121.00	123.00	47.00	72.00	118.00	67.00	127.00	71.00	128.00	127.00	61.00	159.00	133.00	126.00	52.00	123.00	67.00	129.00	138.00	120.00	73.00	122.00	121.00	122.00	80.00	69.00	60.00	127.00	124.00	122.00	129.00	66.00	134.00	57.00	124.00	65.00	41.00	128.00	124.00	81.00	63.00	76.00	62.00	124.00	68.00	56.00	121.00	119.00	70.00	61.00	128.00	46.00	125.00	121.00	118.00	70.00	99.00	61.00	130.00	74.00	127.00	121.00	69.00	123.00	77.00	132.00	54.00	79.00	118.00	123.00	70.00	123.00	124.00	125.00	70.00	119.00	67.00	44.00	65.00	123.00	120.00	147.00	69.00	116.00	101.00	84.00	64.00	67.00	135.00	126.00	129.00	67.00	72.00	74.00	67.00	72.00	93.00	71.00	74.00	125.00	130.00	131.00	130.00	121.00	57.00	70.00	72.00	130.00	125.00	129.00	77.00	121.00	119.00	125.00	72.00	124.00	115.00	128.00	18.00	99.00	57.00	132.00	117.00	72.00	114.00	57.00
