30
CHN|06|Jan-01-2020	0.00	167.00	247.00	483.00	332.00	35.00	130.00	216.00	76.00	101.00	217.00	156.00	464.00	219.00	12.00	156.00	155.00	2814.00	218.00	35.00	49.00	216.00	405.00	30.00	143.00	217.00	131.00	216.00	254.00	1659.00
ITA|10|Mar-24-2020	167.00	0.00	287.00	613.00	462.00	152.00	289.00	370.00	118.00	99.00	379.00	314.00	394.00	381.00	174.00	316.00	309.00	2738.00	372.00	152.00	197.00	370.00	535.00	157.00	295.00	371.00	70.00	370.00	185.00	1604.00
ITA|04|Mar-14-2020	247.00	287.00	0.00	666.00	515.00	252.00	377.00	445.00	233.00	250.00	454.00	403.00	569.00	456.00	259.00	403.00	384.00	2836.00	447.00	252.00	296.00	445.00	588.00	257.00	368.00	446.00	255.00	445.00	375.00	1665.00
USA|05|Mar-06-2020	483.00	613.00	666.00	0.00	215.00	518.00	373.00	267.00	559.00	574.00	280.00	349.00	906.00	282.00	485.00	349.00	330.00	3256.00	269.00	518.00	472.00	267.00	78.00	513.00	354.00	268.00	578.00	267.00	703.00	2098.00
USA|06|Mar-07-2020	332.00	462.00	515.00	215.00	0.00	367.00	222.00	116.00	408.00	423.00	129.00	198.00	755.00	131.00	334.00	198.00	179.00	3105.00	118.00	367.00	321.00	116.00	137.00	362.00	203.00	117.00	427.00	116.00	552.00	1947.00
CHN|01|Dec-30-2019	35.00	152.00	252.00	518.00	367.00	0.00	149.00	251.00	41.00	66.00	252.00	173.00	449.00	254.00	38.00	177.00	190.00	2799.00	253.00	0.00	46.00	251.00	440.00	5.00	178.00	252.00	116.00	251.00	239.00	1644.00
CHN|02|Dec-30-2019	130.00	289.00	377.00	373.00	222.00	149.00	0.00	106.00	190.00	213.00	107.00	30.00	586.00	109.00	123.00	32.00	45.00	2936.00	108.00	149.00	103.00	106.00	295.00	144.00	33.00	107.00	253.00	106.00	376.00	1780.00
USA|08|Mar-14-2020	216.00	370.00	445.00	267.00	116.00	251.00	106.00	0.00	292.00	307.00	13.00	82.00	667.00	15.00	218.00	82.00	63.00	3018.00	2.00	251.00	205.00	0.00	189.00	246.00	91.00	1.00	334.00	0.00	457.00	1860.00
CHN|05|Dec-30-2019	76.00	118.00	233.00	559.00	408.00	41.00	190.00	292.00	0.00	27.00	293.00	214.00	413.00	295.00	79.00	218.00	231.00	2766.00	294.00	41.00	87.00	292.00	481.00	46.00	219.00	293.00	82.00	292.00	207.00	1620.00
ITA|01|Feb-20-2020	101.00	99.00	250.00	574.00	423.00	66.00	213.00	307.00	27.00	0.00	316.00	237.00	430.00	318.00	104.00	241.00	246.00	2776.00	309.00	66.00	112.00	307.00	496.00	71.00	234.00	308.00	99.00	307.00	224.00	1635.00
USA|10|Mar-21-2020	217.00	379.00	454.00	280.00	129.00	252.00	107.00	13.00	293.00	316.00	0.00	79.00	676.00	16.00	215.00	79.00	72.00	3026.00	15.00	252.00	206.00	13.00	202.00	247.00	100.00	14.00	343.00	13.00	466.00	1870.00
CHN|10|Jan-18-2020	156.00	314.00	403.00	349.00	198.00	173.00	30.00	82.00	214.00	237.00	79.00	0.00	611.00	85.00	145.00	4.00	21.00	2961.00	84.00	173.00	127.00	82.00	271.00	168.00	49.00	83.00	278.00	82.00	401.00	1805.00
ITA|06|Mar-19-2020	464.00	394.00	569.00	906.00	755.00	449.00	586.00	667.00	413.00	430.00	676.00	611.00	0.00	678.00	471.00	613.00	606.00	2754.00	669.00	449.00	494.00	667.00	828.00	454.00	592.00	668.00	385.00	667.00	359.00	1726.00
USA|07|Mar-12-2020	219.00	381.00	456.00	282.00	131.00	254.00	109.00	15.00	295.00	318.00	16.00	85.00	678.00	0.00	221.00	85.00	74.00	3027.00	17.00	254.00	208.00	15.00	204.00	249.00	102.00	16.00	345.00	15.00	468.00	1871.00
CHN|08|Jan-05-2020	12.00	174.00	259.00	485.00	334.00	38.00	123.00	218.00	79.00	104.00	215.00	145.00	471.00	221.00	0.00	145.00	157.00	2821.00	220.00	38.00	42.00	218.00	407.00	33.00	145.00	219.00	138.00	218.00	261.00	1666.00
CHN|09|Jan-17-2020	156.00	316.00	403.00	349.00	198.00	177.00	32.00	82.00	218.00	241.00	79.00	4.00	613.00	85.00	145.00	0.00	21.00	2963.00	84.00	177.00	131.00	82.00	271.00	172.00	49.00	83.00	280.00	82.00	403.00	1807.00
ITA|03|Mar-07-2020	155.00	309.00	384.00	330.00	179.00	190.00	45.00	63.00	231.00	246.00	72.00	21.00	606.00	74.00	157.00	21.00	0.00	2957.00	65.00	190.00	144.00	63.00	252.00	185.00	30.00	64.00	273.00	63.00	396.00	1800.00
ITA|09|Mar-24-2020	2814.00	2738.00	2836.00	3256.00	3105.00	2799.00	2936.00	3018.00	2766.00	2776.00	3026.00	2961.00	2754.00	3027.00	2821.00	2963.00	2957.00	0.00	3020.00	2799.00	2844.00	3018.00	3178.00	2804.00	2943.00	3019.00	2707.00	3018.00	2710.00	2621.00
USA|01|Mar-04-2020	218.00	372.00	447.00	269.00	118.00	253.00	108.00	2.00	294.00	309.00	15.00	84.00	669.00	17.00	220.00	84.00	65.00	3020.00	0.00	253.00	207.00	2.00	191.00	248.00	93.00	3.00	336.00	2.00	459.00	1860.00
CHN|04|Dec-30-2019	35.00	152.00	252.00	518.00	367.00	0.00	149.00	251.00	41.00	66.00	252.00	173.00	449.00	254.00	38.00	177.00	190.00	2799.00	253.00	0.00	46.00	251.00	440.00	5.00	178.00	252.00	116.00	251.00	239.00	1644.00
CHN|07|Jan-02-2020	49.00	197.00	296.00	472.00	321.00	46.00	103.00	205.00	87.00	112.00	206.00	127.00	494.00	208.00	42.00	131.00	144.00	2844.00	207.00	46.00	0.00	205.00	394.00	41.00	132.00	206.00	161.00	205.00	284.00	1689.00
USA|02|Mar-05-2020	216.00	370.00	445.00	267.00	116.00	251.00	106.00	0.00	292.00	307.00	13.00	82.00	667.00	15.00	218.00	82.00	63.00	3018.00	2.00	251.00	205.00	0.00	189.00	246.00	91.00	1.00	334.00	0.00	457.00	1860.00
USA|04|Mar-06-2020	405.00	535.00	588.00	78.00	137.00	440.00	295.00	189.00	481.00	496.00	202.00	271.00	828.00	204.00	407.00	271.00	252.00	3178.00	191.00	440.00	394.00	189.00	0.00	435.00	276.00	190.00	500.00	189.00	625.00	2020.00
CHN|03|Dec-30-2019	30.00	157.00	257.00	513.00	362.00	5.00	144.00	246.00	46.00	71.00	247.00	168.00	454.00	249.00	33.00	172.00	185.00	2804.00	248.00	5.00	41.00	246.00	435.00	0.00	173.00	247.00	121.00	246.00	244.00	1649.00
ITA|02|Feb-24-2020	143.00	295.00	368.00	354.00	203.00	178.00	33.00	91.00	219.00	234.00	100.00	49.00	592.00	102.00	145.00	49.00	30.00	2943.00	93.00	178.00	132.00	91.00	276.00	173.00	0.00	92.00	259.00	91.00	382.00	1786.00
USA|09|Mar-15-2020	217.00	371.00	446.00	268.00	117.00	252.00	107.00	1.00	293.00	308.00	14.00	83.00	668.00	16.00	219.00	83.00	64.00	3019.00	3.00	252.00	206.00	1.00	190.00	247.00	92.00	0.00	335.00	1.00	458.00	1861.00
ITA|05|Mar-17-2020	131.00	70.00	255.00	578.00	427.00	116.00	253.00	334.00	82.00	99.00	343.00	278.00	385.00	345.00	138.00	280.00	273.00	2707.00	336.00	116.00	161.00	334.00	500.00	121.00	259.00	335.00	0.00	334.00	139.00	1572.00
USA|03|Mar-06-2020	216.00	370.00	445.00	267.00	116.00	251.00	106.00	0.00	292.00	307.00	13.00	82.00	667.00	15.00	218.00	82.00	63.00	3018.00	2.00	251.00	205.00	0.00	189.00	246.00	91.00	1.00	334.00	0.00	457.00	1860.00
ITA|07|Mar-21-2020	254.00	185.00	375.00	703.00	552.00	239.00	376.00	457.00	207.00	224.00	466.00	401.00	359.00	468.00	261.00	403.00	396.00	2710.00	459.00	239.00	284.00	457.00	625.00	244.00	382.00	458.00	139.00	457.00	0.00	1591.00
ITA|08|Mar-23-2020	1659.00	1604.00	1665.00	2098.00	1947.00	1644.00	1780.00	1860.00	1620.00	1635.00	1870.00	1805.00	1726.00	1871.00	1666.00	1807.00	1800.00	2621.00	1860.00	1644.00	1689.00	1860.00	2020.00	1649.00	1786.00	1861.00	1572.00	1860.00	1591.00	0.00
