10
TOY|SEQ2	0.00	143.00	150.00	139.00	147.00	134.00	139.00	145.00	143.00	146.00
TOY|SEQ3	143.00	0.00	145.00	146.00	145.00	150.00	138.00	146.00	151.00	137.00
TOY|SEQ5	150.00	145.00	0.00	147.00	142.00	140.00	135.00	129.00	140.00	143.00
TOY|SEQ6	139.00	146.00	147.00	0.00	138.00	142.00	144.00	140.00	144.00	137.00
TOY|SEQ7	147.00	145.00	142.00	138.00	0.00	142.00	142.00	146.00	142.00	131.00
TOY|SEQ9	134.00	150.00	140.00	142.00	142.00	0.00	149.00	145.00	136.00	143.00
TOY|SEQ10	139.00	138.00	135.00	144.00	142.00	149.00	0.00	146.00	146.00	145.00
TOY|SEQ1	145.00	146.00	129.00	140.00	146.00	145.00	146.00	0.00	142.00	140.00
TOY|SEQ4	143.00	151.00	140.00	144.00	142.00	136.00	146.00	142.00	0.00	139.00
TOY|SEQ8	146.00	137.00	143.00	137.00	131.00	143.00	145.00	140.00	139.00	0.00
